data,notifiche_inviate,utenti_positivi,notifiche_inviate_totali,utenti_positivi_totali
2020-06-15 00:00:00,0,4,0,4
2020-06-16 00:00:00,0,0,0,4
2020-06-17 00:00:00,0,3,0,7
2020-06-18 00:00:00,0,1,0,8
2020-06-19 00:00:00,0,1,0,9
2020-06-20 00:00:00,0,1,0,10
2020-06-21 00:00:00,0,0,0,10
2020-06-22 00:00:00,0,3,0,13
2020-06-23 00:00:00,0,0,0,13
2020-06-24 00:00:00,0,4,0,17
2020-06-25 00:00:00,0,0,0,17
2020-06-26 00:00:00,0,0,0,17
2020-06-27 00:00:00,0,0,0,17
2020-06-28 00:00:00,0,0,0,17
2020-06-29 00:00:00,0,0,0,17
2020-06-30 00:00:00,0,4,0,21
2020-07-01 00:00:00,0,1,0,22
2020-07-02 00:00:00,0,2,0,24
2020-07-03 00:00:00,0,2,0,26
2020-07-04 00:00:00,0,1,0,27
2020-07-05 00:00:00,0,0,0,27
2020-07-06 00:00:00,0,1,0,28
2020-07-07 00:00:00,0,0,0,28
2020-07-08 00:00:00,0,2,0,30
2020-07-09 00:00:00,0,0,0,30
2020-07-10 00:00:00,0,0,0,30
2020-07-11 00:00:00,0,1,0,31
2020-07-12 00:00:00,0,0,0,31
2020-07-13 00:00:00,0,2,0,33
2020-07-14 00:00:00,0,0,0,33
2020-07-15 00:00:00,0,1,0,34
2020-07-16 00:00:00,0,2,0,36
2020-07-17 00:00:00,2,1,2,37
2020-07-18 00:00:00,10,2,12,39
2020-07-19 00:00:00,6,1,18,40
2020-07-20 00:00:00,2,1,20,41
2020-07-21 00:00:00,3,1,23,42
2020-07-22 00:00:00,3,3,26,45
2020-07-23 00:00:00,10,2,36,47
2020-07-24 00:00:00,13,5,49,52
2020-07-25 00:00:00,10,1,59,53
2020-07-26 00:00:00,2,0,61,53
2020-07-27 00:00:00,5,2,66,55
2020-07-28 00:00:00,4,0,70,55
2020-07-29 00:00:00,13,1,83,56
2020-07-30 00:00:00,10,2,93,58
2020-07-31 00:00:00,5,1,98,59
2020-08-01 00:00:00,9,1,107,60
2020-08-02 00:00:00,3,1,110,61
2020-08-03 00:00:00,22,1,132,62
2020-08-04 00:00:00,64,1,196,63
2020-08-05 00:00:00,15,1,211,64
2020-08-06 00:00:00,35,4,246,68
2020-08-07 00:00:00,29,1,275,69
2020-08-08 00:00:00,15,2,290,71
2020-08-09 00:00:00,11,0,301,71
2020-08-10 00:00:00,29,4,330,75
2020-08-11 00:00:00,22,0,352,75
2020-08-12 00:00:00,9,4,361,79
2020-08-13 00:00:00,12,2,373,81
2020-08-14 00:00:00,6,2,379,83
2020-08-15 00:00:00,2,0,381,83
2020-08-16 00:00:00,17,1,398,84
2020-08-17 00:00:00,11,1,409,85
2020-08-18 00:00:00,128,4,537,89
2020-08-19 00:00:00,66,3,603,92
2020-08-20 00:00:00,49,4,652,96
2020-08-21 00:00:00,37,2,689,98
2020-08-22 00:00:00,26,4,715,102
2020-08-23 00:00:00,94,3,809,105
2020-08-24 00:00:00,96,0,905,105
2020-08-25 00:00:00,92,7,997,112
2020-08-26 00:00:00,62,3,1059,115
2020-08-27 00:00:00,193,17,1252,132
2020-08-28 00:00:00,180,7,1432,139
2020-08-29 00:00:00,144,6,1576,145
2020-08-30 00:00:00,190,2,1766,147
2020-08-31 00:00:00,112,8,1878,155
2020-09-01 00:00:00,118,8,1996,163
2020-09-02 00:00:00,99,11,2095,174
2020-09-03 00:00:00,220,9,2315,183
2020-09-04 00:00:00,135,5,2450,188
2020-09-05 00:00:00,63,5,2513,193
2020-09-06 00:00:00,84,2,2597,195
2020-09-07 00:00:00,122,6,2719,201
2020-09-08 00:00:00,111,5,2830,206
2020-09-09 00:00:00,105,8,2935,214
2020-09-10 00:00:00,145,7,3080,221
2020-09-11 00:00:00,145,10,3225,231
2020-09-12 00:00:00,66,4,3291,235
2020-09-13 00:00:00,54,3,3345,238
2020-09-14 00:00:00,140,9,3485,247
2020-09-15 00:00:00,196,9,3681,256
2020-09-16 00:00:00,173,5,3854,261
2020-09-17 00:00:00,57,4,3911,265
2020-09-18 00:00:00,95,6,4006,271
2020-09-19 00:00:00,92,2,4098,273
2020-09-20 00:00:00,36,0,4134,273
2020-09-21 00:00:00,56,7,4190,280
2020-09-22 00:00:00,127,9,4317,289
2020-09-23 00:00:00,84,6,4401,295
2020-09-24 00:00:00,53,4,4454,299
2020-09-25 00:00:00,161,12,4615,311
2020-09-26 00:00:00,129,2,4744,313
2020-09-27 00:00:00,72,3,4816,316
2020-09-28 00:00:00,122,3,4938,319
2020-09-29 00:00:00,112,1,5050,320
2020-09-30 00:00:00,84,3,5134,323
2020-10-01 00:00:00,102,8,5236,331
2020-10-02 00:00:00,270,12,5506,343
2020-10-03 00:00:00,219,4,5725,347
2020-10-04 00:00:00,106,5,5831,352
2020-10-05 00:00:00,291,13,6122,365
2020-10-06 00:00:00,367,12,6489,377
2020-10-07 00:00:00,601,24,7090,401
2020-10-08 00:00:00,554,23,7644,424
2020-10-09 00:00:00,450,31,8094,455
2020-10-10 00:00:00,544,34,8638,489
2020-10-11 00:00:00,440,20,9078,509
2020-10-12 00:00:00,652,43,9730,552
2020-10-13 00:00:00,667,35,10397,587
2020-10-14 00:00:00,1036,54,11433,641
2020-10-15 00:00:00,1304,69,12737,710
2020-10-16 00:00:00,1723,70,14460,780
2020-10-17 00:00:00,1397,36,15857,816
2020-10-18 00:00:00,1003,44,16860,860
2020-10-19 00:00:00,1040,42,17900,902
2020-10-20 00:00:00,1585,97,19485,999
2020-10-21 00:00:00,3311,135,22796,1134
2020-10-22 00:00:00,2760,68,25556,1202
2020-10-23 00:00:00,2384,90,27940,1292
2020-10-24 00:00:00,2789,54,30729,1346
2020-10-25 00:00:00,2210,44,32939,1390
2020-10-26 00:00:00,3292,140,36231,1530
2020-10-27 00:00:00,5195,143,41426,1673
2020-10-28 00:00:00,4522,102,45948,1775
2020-10-29 00:00:00,3968,151,49916,1926
2020-10-30 00:00:00,4736,180,54652,2106
2020-10-31 00:00:00,3867,86,58519,2192
2020-11-01 00:00:00,2516,71,61035,2263
2020-11-02 00:00:00,2511,125,63546,2388
2020-11-03 00:00:00,3056,142,66602,2530
2020-11-04 00:00:00,2272,155,68874,2685
2020-11-05 00:00:00,1600,161,70474,2846
2020-11-06 00:00:00,1482,152,71956,2998
2020-11-07 00:00:00,942,97,72898,3095
2020-11-08 00:00:00,399,53,73297,3148
2020-11-09 00:00:00,386,135,73683,3283
2020-11-10 00:00:00,553,189,74236,3472
2020-11-11 00:00:00,707,188,74943,3660
2020-11-12 00:00:00,640,179,75583,3839
2020-11-13 00:00:00,513,136,76096,3975
2020-11-14 00:00:00,316,80,76412,4055
2020-11-15 00:00:00,275,100,76687,4155
2020-11-16 00:00:00,334,150,77021,4305
2020-11-17 00:00:00,270,136,77291,4441
2020-11-18 00:00:00,331,197,77622,4638
2020-11-19 00:00:00,279,160,77901,4798
2020-11-20 00:00:00,260,123,78161,4921
2020-11-21 00:00:00,181,87,78342,5008
2020-11-22 00:00:00,131,60,78473,5068
2020-11-23 00:00:00,165,122,78638,5190
2020-11-24 00:00:00,203,111,78841,5301
2020-11-25 00:00:00,208,115,79049,5416
2020-11-26 00:00:00,272,105,79321,5521
2020-11-27 00:00:00,167,85,79488,5606
2020-11-28 00:00:00,108,51,79596,5657
2020-11-29 00:00:00,53,29,79649,5686
2020-11-30 00:00:00,108,59,79757,5745
2020-12-01 00:00:00,143,71,79900,5816
2020-12-02 00:00:00,184,68,80084,5884
2020-12-03 00:00:00,157,68,80241,5952
2020-12-04 00:00:00,110,53,80351,6005
2020-12-05 00:00:00,101,26,80452,6031
2020-12-06 00:00:00,76,24,80528,6055
2020-12-07 00:00:00,90,65,80618,6120
2020-12-08 00:00:00,101,29,80719,6149
2020-12-09 00:00:00,103,59,80822,6208
2020-12-10 00:00:00,123,63,80945,6271
2020-12-11 00:00:00,153,62,81098,6333
2020-12-12 00:00:00,102,47,81200,6380
2020-12-13 00:00:00,74,39,81274,6419
2020-12-14 00:00:00,103,70,81377,6489
2020-12-15 00:00:00,209,95,81586,6584
2020-12-16 00:00:00,229,103,81815,6687
2020-12-17 00:00:00,184,75,81999,6762
2020-12-18 00:00:00,278,100,82277,6862
2020-12-19 00:00:00,142,46,82419,6908
2020-12-20 00:00:00,85,23,82504,6931
2020-12-21 00:00:00,156,100,82660,7031
2020-12-22 00:00:00,245,79,82905,7110
2020-12-23 00:00:00,176,92,83081,7202
2020-12-24 00:00:00,163,60,83244,7262
2020-12-25 00:00:00,87,26,83331,7288
2020-12-26 00:00:00,60,31,83391,7319
2020-12-27 00:00:00,52,39,83443,7358
2020-12-28 00:00:00,114,66,83557,7424
2020-12-29 00:00:00,137,78,83694,7502
2020-12-30 00:00:00,163,95,83857,7597
2020-12-31 00:00:00,141,85,83998,7682
2021-01-01 00:00:00,49,34,84047,7716
2021-01-02 00:00:00,32,59,84079,7775
2021-01-03 00:00:00,32,74,84111,7849
2021-01-04 00:00:00,53,78,84164,7927
2021-01-05 00:00:00,46,70,84210,7997
2021-01-06 00:00:00,53,30,84263,8027
2021-01-07 00:00:00,44,132,84307,8159
2021-01-08 00:00:00,41,103,84348,8262
2021-01-09 00:00:00,49,58,84397,8320
2021-01-10 00:00:00,25,33,84422,8353
2021-01-11 00:00:00,38,116,84460,8469
2021-01-12 00:00:00,51,112,84511,8581
2021-01-13 00:00:00,28,79,84539,8660
2021-01-14 00:00:00,65,86,84604,8746
2021-01-15 00:00:00,58,69,84662,8815
2021-01-16 00:00:00,23,36,84685,8851
2021-01-17 00:00:00,26,50,84711,8901
2021-01-18 00:00:00,54,98,84765,8999
2021-01-19 00:00:00,66,61,84831,9060
2021-01-20 00:00:00,48,92,84879,9152
2021-01-21 00:00:00,87,83,84966,9235
2021-01-22 00:00:00,68,94,85034,9329
2021-01-23 00:00:00,55,61,85089,9390
2021-01-24 00:00:00,66,52,85155,9442
2021-01-25 00:00:00,70,78,85225,9520
2021-01-26 00:00:00,60,53,85285,9573
2021-01-27 00:00:00,59,83,85344,9656
2021-01-28 00:00:00,88,102,85432,9758
2021-01-29 00:00:00,101,108,85533,9866
2021-01-30 00:00:00,96,64,85629,9930
2021-01-31 00:00:00,65,43,85694,9973
2021-02-01 00:00:00,125,83,85819,10056
2021-02-02 00:00:00,250,135,86069,10191
2021-02-03 00:00:00,192,100,86261,10291
2021-02-04 00:00:00,197,102,86458,10393
2021-02-05 00:00:00,243,123,86701,10516
2021-02-06 00:00:00,133,56,86834,10572
2021-02-07 00:00:00,126,73,86960,10645
2021-02-08 00:00:00,155,92,87115,10737
2021-02-09 00:00:00,179,110,87294,10847
2021-02-10 00:00:00,202,101,87496,10948
2021-02-11 00:00:00,233,123,87729,11071
2021-02-12 00:00:00,255,121,87984,11192
2021-02-13 00:00:00,137,65,88121,11257
2021-02-14 00:00:00,96,41,88217,11298
2021-02-15 00:00:00,144,89,88361,11387
2021-02-16 00:00:00,197,83,88558,11470
2021-02-17 00:00:00,153,84,88711,11554
2021-02-18 00:00:00,170,108,88881,11662
2021-02-19 00:00:00,232,114,89113,11776
2021-02-20 00:00:00,196,97,89309,11873
2021-02-21 00:00:00,117,56,89426,11929
2021-02-22 00:00:00,188,110,89614,12039
2021-02-23 00:00:00,148,79,89762,12118
2021-02-24 00:00:00,234,150,89996,12268
2021-02-25 00:00:00,235,142,90231,12410
2021-02-26 00:00:00,288,135,90519,12545
2021-02-27 00:00:00,223,100,90742,12645
2021-02-28 00:00:00,186,95,90928,12740
2021-03-01 00:00:00,224,126,91152,12866
2021-03-02 00:00:00,155,99,91307,12965
2021-03-03 00:00:00,188,121,91495,13086
2021-03-04 00:00:00,203,129,91698,13215
2021-03-05 00:00:00,247,139,91945,13354
2021-03-06 00:00:00,170,99,92115,13453
2021-03-07 00:00:00,118,76,92233,13529
2021-03-08 00:00:00,153,121,92386,13650
2021-03-09 00:00:00,150,69,92536,13719
2021-03-10 00:00:00,174,105,92710,13824
2021-03-11 00:00:00,137,92,92847,13916
2021-03-12 00:00:00,167,108,93014,14024
2021-03-13 00:00:00,131,74,93145,14098
2021-03-14 00:00:00,80,44,93225,14142
2021-03-15 00:00:00,105,96,93330,14238
2021-03-16 00:00:00,131,91,93461,14329
2021-03-17 00:00:00,205,148,93666,14477
2021-03-18 00:00:00,125,82,93791,14559
2021-03-19 00:00:00,159,89,93950,14648
2021-03-20 00:00:00,113,74,94063,14722
2021-03-21 00:00:00,83,56,94146,14778
2021-03-22 00:00:00,88,65,94234,14843
2021-03-23 00:00:00,93,84,94327,14927
2021-03-24 00:00:00,109,73,94436,15000
2021-03-25 00:00:00,83,78,94519,15078
2021-03-26 00:00:00,99,78,94618,15156
2021-03-27 00:00:00,51,58,94669,15214
2021-03-28 00:00:00,85,44,94754,15258
2021-03-29 00:00:00,49,66,94803,15324
2021-03-30 00:00:00,62,75,94865,15399
2021-03-31 00:00:00,68,55,94933,15454
2021-04-01 00:00:00,92,72,95025,15526
2021-04-02 00:00:00,120,106,95145,15632
2021-04-03 00:00:00,74,56,95219,15688
2021-04-04 00:00:00,46,36,95265,15724
2021-04-05 00:00:00,46,32,95311,15756
2021-04-06 00:00:00,55,31,95366,15787
2021-04-07 00:00:00,75,60,95441,15847
2021-04-08 00:00:00,67,107,95508,15954
2021-04-09 00:00:00,97,120,95605,16074
2021-04-10 00:00:00,128,120,95733,16194
2021-04-11 00:00:00,102,99,95835,16293
2021-04-12 00:00:00,82,96,95917,16389
2021-04-13 00:00:00,103,112,96020,16501
2021-04-14 00:00:00,94,105,96114,16606
2021-04-15 00:00:00,96,97,96210,16703
2021-04-16 00:00:00,99,101,96309,16804
2021-04-17 00:00:00,94,84,96403,16888
2021-04-18 00:00:00,67,79,96470,16967
2021-04-19 00:00:00,137,101,96607,17068
2021-04-20 00:00:00,78,82,96685,17150
2021-04-21 00:00:00,63,93,96748,17243
2021-04-22 00:00:00,70,85,96818,17328
2021-04-23 00:00:00,89,108,96907,17436
2021-04-24 00:00:00,99,83,97006,17519
2021-04-25 00:00:00,78,83,97084,17602
2021-04-26 00:00:00,73,80,97157,17682
2021-04-27 00:00:00,82,83,97239,17765
2021-04-28 00:00:00,61,93,97300,17858
2021-04-29 00:00:00,90,103,97390,17961
2021-04-30 00:00:00,85,83,97475,18044
2021-05-01 00:00:00,75,64,97550,18108
2021-05-02 00:00:00,73,48,97623,18156
2021-05-03 00:00:00,54,71,97677,18227
2021-05-04 00:00:00,78,43,97755,18270
2021-05-05 00:00:00,75,71,97830,18341
2021-05-06 00:00:00,87,69,97917,18410
2021-05-07 00:00:00,67,47,97984,18457
2021-05-08 00:00:00,71,54,98055,18511
2021-05-09 00:00:00,72,39,98127,18550
2021-05-10 00:00:00,0,0,98127,18550
2021-05-11 00:00:00,57,60,98184,18610
2021-05-12 00:00:00,70,61,98254,18671
2021-05-13 00:00:00,36,36,98290,18707
2021-05-14 00:00:00,37,27,98327,18734
2021-05-15 00:00:00,42,33,98369,18767
2021-05-16 00:00:00,40,32,98409,18799
2021-05-17 00:00:00,17,37,98426,18836
2021-05-18 00:00:00,42,29,98468,18865
2021-05-19 00:00:00,23,21,98491,18886
2021-05-20 00:00:00,44,29,98535,18915
2021-05-21 00:00:00,27,19,98562,18934
2021-05-22 00:00:00,8,20,98570,18954
2021-05-23 00:00:00,26,33,98596,18987
2021-05-24 00:00:00,28,22,98624,19009
2021-05-25 00:00:00,23,26,98647,19035
2021-05-26 00:00:00,32,43,98679,19078
2021-05-27 00:00:00,34,29,98713,19107
2021-05-28 00:00:00,33,30,98746,19137
2021-05-29 00:00:00,37,11,98783,19148
2021-05-30 00:00:00,12,11,98795,19159
2021-05-31 00:00:00,24,17,98819,19176
2021-06-01 00:00:00,21,9,98840,19185
2021-06-02 00:00:00,22,14,98862,19199
2021-06-03 00:00:00,8,5,98870,19204
2021-06-04 00:00:00,22,10,98892,19214
2021-06-05 00:00:00,20,9,98912,19223
2021-06-06 00:00:00,7,8,98919,19231
2021-06-07 00:00:00,10,9,98929,19240
2021-06-08 00:00:00,12,6,98941,19246
2021-06-09 00:00:00,23,11,98964,19257
2021-06-10 00:00:00,7,13,98971,19270
2021-06-11 00:00:00,64,10,99035,19280
2021-06-12 00:00:00,19,3,99054,19283
2021-06-13 00:00:00,3,4,99057,19287
2021-06-14 00:00:00,2,1,99059,19288
2021-06-15 00:00:00,1,4,99060,19292
2021-06-16 00:00:00,4,10,99064,19302
2021-06-17 00:00:00,9,10,99073,19312
2021-06-18 00:00:00,7,7,99080,19319
2021-06-19 00:00:00,6,4,99086,19323
2021-06-20 00:00:00,8,4,99094,19327
2021-06-21 00:00:00,11,2,99105,19329
2021-06-22 00:00:00,9,9,99114,19338
2021-06-23 00:00:00,13,4,99127,19342
2021-06-24 00:00:00,2,3,99129,19345
2021-06-25 00:00:00,6,5,99135,19350
2021-06-26 00:00:00,2,1,99137,19351
2021-06-27 00:00:00,1,0,99138,19351
2021-06-28 00:00:00,4,0,99142,19351
2021-06-29 00:00:00,13,11,99155,19362
2021-06-30 00:00:00,34,5,99189,19367
2021-07-01 00:00:00,32,9,99221,19376
2021-07-02 00:00:00,16,7,99237,19383
2021-07-03 00:00:00,14,8,99251,19391
2021-07-04 00:00:00,9,8,99260,19399
2021-07-05 00:00:00,31,10,99291,19409
2021-07-06 00:00:00,25,13,99316,19422
2021-07-07 00:00:00,22,18,99338,19440
2021-07-08 00:00:00,74,15,99412,19455
2021-07-09 00:00:00,66,15,99478,19470
2021-07-10 00:00:00,54,15,99532,19485
2021-07-11 00:00:00,55,9,99587,19494
2021-07-12 00:00:00,53,15,99640,19509
2021-07-13 00:00:00,64,20,99704,19529
2021-07-14 00:00:00,97,29,99801,19558
2021-07-15 00:00:00,123,28,99924,19586
2021-07-16 00:00:00,119,27,100043,19613
2021-07-17 00:00:00,86,34,100129,19647
2021-07-18 00:00:00,179,29,100308,19676
2021-07-19 00:00:00,137,30,100445,19706
2021-07-20 00:00:00,100,40,100545,19746
2021-07-21 00:00:00,185,50,100730,19796
2021-07-22 00:00:00,162,62,100892,19858
2021-07-23 00:00:00,159,49,101051,19907
2021-07-24 00:00:00,182,65,101233,19972
2021-07-25 00:00:00,123,46,101356,20018
2021-07-26 00:00:00,105,41,101461,20059
2021-07-27 00:00:00,157,66,101618,20125
2021-07-28 00:00:00,202,76,101820,20201
2021-07-29 00:00:00,154,71,101974,20272
2021-07-30 00:00:00,169,75,102143,20347
2021-07-31 00:00:00,201,83,102344,20430
2021-08-01 00:00:00,139,51,102483,20481
2021-08-02 00:00:00,164,57,102647,20538
2021-08-03 00:00:00,175,68,102822,20606
2021-08-04 00:00:00,198,75,103020,20681
2021-08-05 00:00:00,177,87,103197,20768
2021-08-06 00:00:00,149,113,103346,20881
2021-08-07 00:00:00,172,94,103518,20975
2021-08-08 00:00:00,155,91,103673,21066
2021-08-09 00:00:00,92,70,103765,21136
2021-08-10 00:00:00,218,119,103983,21255
2021-08-11 00:00:00,309,117,104292,21372
2021-08-12 00:00:00,206,92,104498,21464
2021-08-13 00:00:00,234,172,104732,21636
2021-08-14 00:00:00,246,163,104978,21799
2021-08-15 00:00:00,122,91,105100,21890
2021-08-16 00:00:00,170,100,105270,21990
2021-08-17 00:00:00,267,124,105537,22114
2021-08-18 00:00:00,161,113,105698,22227
2021-08-19 00:00:00,190,118,105888,22345
2021-08-20 00:00:00,207,101,106095,22446
2021-08-21 00:00:00,124,142,106219,22588
2021-08-22 00:00:00,88,86,106307,22674
2021-08-23 00:00:00,232,123,106539,22797
2021-08-24 00:00:00,262,120,106801,22917
2021-08-25 00:00:00,258,116,107059,23033
2021-08-26 00:00:00,150,109,107209,23142
2021-08-27 00:00:00,226,119,107435,23261
2021-08-28 00:00:00,179,121,107614,23382
2021-08-29 00:00:00,196,106,107810,23488
2021-08-30 00:00:00,216,80,108026,23568
2021-08-31 00:00:00,225,142,108251,23710
2021-09-01 00:00:00,276,105,108527,23815
2021-09-02 00:00:00,123,96,108650,23911
2021-09-03 00:00:00,200,108,108850,24019
2021-09-04 00:00:00,154,98,109004,24117
2021-09-05 00:00:00,151,74,109155,24191
2021-09-06 00:00:00,134,71,109289,24262
2021-09-07 00:00:00,143,87,109432,24349
2021-09-08 00:00:00,117,78,109549,24427
2021-09-09 00:00:00,190,80,109739,24507
2021-09-10 00:00:00,89,80,109828,24587
2021-09-11 00:00:00,114,81,109942,24668
2021-09-12 00:00:00,79,64,110021,24732
2021-09-13 00:00:00,104,59,110125,24791
2021-09-14 00:00:00,139,82,110264,24873
2021-09-15 00:00:00,80,65,110344,24938
2021-09-16 00:00:00,84,73,110428,25011
2021-09-17 00:00:00,93,64,110521,25075
2021-09-18 00:00:00,60,50,110581,25125
2021-09-19 00:00:00,50,39,110631,25164
2021-09-20 00:00:00,57,55,110688,25219
2021-09-21 00:00:00,165,74,110853,25293
2021-09-22 00:00:00,230,33,111083,25326
2021-09-23 00:00:00,68,45,111151,25371
2021-09-24 00:00:00,72,45,111223,25416
2021-09-25 00:00:00,42,45,111265,25461
2021-09-26 00:00:00,56,41,111321,25502
2021-09-27 00:00:00,80,33,111401,25535
2021-09-28 00:00:00,81,39,111482,25574
2021-09-29 00:00:00,104,46,111586,25620
2021-09-30 00:00:00,65,26,111651,25646
2021-10-01 00:00:00,84,37,111735,25683
2021-10-02 00:00:00,56,37,111791,25720
2021-10-03 00:00:00,61,25,111852,25745
2021-10-04 00:00:00,83,18,111935,25763
2021-10-05 00:00:00,166,35,112101,25798
2021-10-06 00:00:00,150,38,112251,25836
2021-10-07 00:00:00,65,21,112316,25857
2021-10-08 00:00:00,44,37,112360,25894
2021-10-09 00:00:00,0,47,112360,25941
2021-10-10 00:00:00,0,19,112360,25960
2021-10-11 00:00:00,0,20,112360,25980
2021-10-12 00:00:00,0,33,112360,26013
2021-10-13 00:00:00,0,28,112360,26041
2021-10-14 00:00:00,0,28,112360,26069
2021-10-15 00:00:00,0,34,112360,26103
2021-10-16 00:00:00,0,40,112360,26143
2021-10-17 00:00:00,0,22,112360,26165
2021-10-18 00:00:00,0,28,112360,26193
2021-10-19 00:00:00,0,32,112360,26225
2021-10-20 00:00:00,0,51,112360,26276
2021-10-21 00:00:00,12,39,112372,26315
2021-10-22 00:00:00,94,53,112466,26368
2021-10-23 00:00:00,109,44,112575,26412
2021-10-24 00:00:00,86,34,112661,26446
2021-10-25 00:00:00,91,30,112752,26476
2021-10-26 00:00:00,158,43,112910,26519
2021-10-27 00:00:00,184,52,113094,26571
2021-10-28 00:00:00,172,54,113266,26625
2021-10-29 00:00:00,234,53,113500,26678
2021-10-30 00:00:00,186,45,113686,26723
2021-10-31 00:00:00,102,24,113788,26747
2021-11-01 00:00:00,86,46,113874,26793
2021-11-02 00:00:00,243,46,114117,26839
2021-11-03 00:00:00,289,47,114406,26886
2021-11-04 00:00:00,253,66,114659,26952
2021-11-05 00:00:00,342,78,115001,27030
2021-11-06 00:00:00,302,66,115303,27096
2021-11-07 00:00:00,248,49,115551,27145
2021-11-08 00:00:00,268,78,115819,27223
2021-11-09 00:00:00,404,75,116223,27298
2021-11-10 00:00:00,464,89,116687,27387
2021-11-11 00:00:00,366,112,117053,27499
2021-11-12 00:00:00,354,104,117407,27603
2021-11-13 00:00:00,417,97,117824,27700
2021-11-14 00:00:00,236,97,118060,27797
2021-11-15 00:00:00,173,67,118233,27864
2021-11-16 00:00:00,395,114,118628,27978
2021-11-17 00:00:00,471,105,119099,28083
2021-11-18 00:00:00,375,115,119474,28198
2021-11-19 00:00:00,317,132,119791,28330
2021-11-20 00:00:00,360,146,120151,28476
2021-11-21 00:00:00,314,111,120465,28587
2021-11-22 00:00:00,230,91,120695,28678
2021-11-23 00:00:00,250,113,120945,28791
2021-11-24 00:00:00,283,149,121228,28940
2021-11-25 00:00:00,324,142,121552,29082
2021-11-26 00:00:00,351,173,121903,29255
2021-11-27 00:00:00,283,156,122186,29411
2021-11-28 00:00:00,206,127,122392,29538
2021-11-29 00:00:00,256,122,122648,29660
2021-11-30 00:00:00,240,116,122888,29776
2021-12-01 00:00:00,272,149,123160,29925
2021-12-02 00:00:00,365,197,123525,30122
2021-12-03 00:00:00,402,208,123927,30330
2021-12-04 00:00:00,313,223,124240,30553
2021-12-05 00:00:00,362,171,124602,30724
2021-12-06 00:00:00,276,169,124878,30893
2021-12-07 00:00:00,320,246,125198,31139
2021-12-08 00:00:00,353,228,125551,31367
2021-12-09 00:00:00,283,230,125834,31597
2021-12-10 00:00:00,342,263,126176,31860
2021-12-11 00:00:00,326,246,126502,32106
2021-12-12 00:00:00,280,231,126782,32337
2021-12-13 00:00:00,186,146,126968,32483
2021-12-14 00:00:00,315,275,127283,32758
2021-12-15 00:00:00,461,345,127744,33103
2021-12-16 00:00:00,418,280,128162,33383
2021-12-17 00:00:00,512,389,128674,33772
2021-12-18 00:00:00,588,379,129262,34151
2021-12-19 00:00:00,540,295,129802,34446
2021-12-20 00:00:00,484,324,130286,34770
2021-12-21 00:00:00,717,433,131003,35203
2021-12-22 00:00:00,831,483,131834,35686
2021-12-23 00:00:00,1175,664,133009,36350
2021-12-24 00:00:00,1294,725,134303,37075
2021-12-25 00:00:00,937,498,135240,37573
2021-12-26 00:00:00,782,485,136022,38058
2021-12-27 00:00:00,1034,902,137056,38960
2021-12-28 00:00:00,1468,1175,138524,40135
2021-12-29 00:00:00,1801,1526,140325,41661
2021-12-30 00:00:00,1851,1567,142176,43228
2021-12-31 00:00:00,1783,1652,143959,44880
2022-01-01 00:00:00,1365,1281,145324,46161
2022-01-02 00:00:00,1270,1086,146594,47247
2022-01-03 00:00:00,1303,1409,147897,48656
2022-01-04 00:00:00,2349,1714,150246,50370
2022-01-05 00:00:00,2685,1973,152931,52343
2022-01-06 00:00:00,2567,1702,155498,54045
2022-01-07 00:00:00,2541,1630,158039,55675
2022-01-08 00:00:00,2538,1773,160577,57448
2022-01-09 00:00:00,1861,1337,162438,58785
2022-01-10 00:00:00,2016,1277,164454,60062
2022-01-11 00:00:00,2479,1251,166933,61313
2022-01-12 00:00:00,2480,1291,169413,62604
2022-01-13 00:00:00,2122,1280,171535,63884
2022-01-14 00:00:00,1578,1099,173113,64983
2022-01-15 00:00:00,1418,1005,174531,65988
2022-01-16 00:00:00,875,675,175406,66663
2022-01-17 00:00:00,837,724,176243,67387
2022-01-18 00:00:00,950,709,177193,68096
2022-01-19 00:00:00,975,914,178168,69010
2022-01-20 00:00:00,876,786,179044,69796
2022-01-21 00:00:00,763,697,179807,70493
2022-01-22 00:00:00,763,732,180570,71225
2022-01-23 00:00:00,567,467,181137,71692
2022-01-24 00:00:00,552,470,181689,72162
2022-01-25 00:00:00,530,611,182219,72773
2022-01-26 00:00:00,437,570,182656,73343
2022-01-27 00:00:00,405,499,183061,73842
2022-01-28 00:00:00,397,524,183458,74366
2022-01-29 00:00:00,397,498,183855,74864
2022-01-30 00:00:00,269,323,184124,75187
2022-01-31 00:00:00,247,329,184371,75516
2022-02-01 00:00:00,307,376,184678,75892
2022-02-02 00:00:00,318,402,184996,76294
2022-02-03 00:00:00,281,360,185277,76654
2022-02-04 00:00:00,302,340,185579,76994
2022-02-05 00:00:00,276,290,185855,77284
2022-02-06 00:00:00,177,222,186032,77506
2022-02-07 00:00:00,175,253,186207,77759
2022-02-08 00:00:00,211,228,186418,77987
2022-02-09 00:00:00,182,224,186600,78211
2022-02-10 00:00:00,184,218,186784,78429
2022-02-11 00:00:00,178,209,186962,78638
2022-02-12 00:00:00,136,156,187098,78794
2022-02-13 00:00:00,122,120,187220,78914
2022-02-14 00:00:00,102,117,187322,79031
2022-02-15 00:00:00,101,150,187423,79181
2022-02-16 00:00:00,134,157,187557,79338
2022-02-17 00:00:00,129,150,187686,79488
2022-02-18 00:00:00,138,126,187824,79614
2022-02-19 00:00:00,169,139,187993,79753
2022-02-20 00:00:00,111,77,188104,79830
2022-02-21 00:00:00,70,97,188174,79927
2022-02-22 00:00:00,91,103,188265,80030
2022-02-23 00:00:00,80,100,188345,80130
2022-02-24 00:00:00,92,90,188437,80220
2022-02-25 00:00:00,89,81,188526,80301
2022-02-26 00:00:00,108,90,188634,80391
2022-02-27 00:00:00,76,46,188710,80437
2022-02-28 00:00:00,47,68,188757,80505
2022-03-01 00:00:00,80,64,188837,80569
2022-03-02 00:00:00,65,68,188902,80637
2022-03-03 00:00:00,82,106,188984,80743
2022-03-04 00:00:00,88,100,189072,80843
2022-03-05 00:00:00,105,81,189177,80924
2022-03-06 00:00:00,32,52,189209,80976
2022-03-07 00:00:00,66,65,189275,81041
2022-03-08 00:00:00,81,68,189356,81109
2022-03-09 00:00:00,87,92,189443,81201
2022-03-10 00:00:00,114,99,189557,81300
2022-03-11 00:00:00,111,92,189668,81392
2022-03-12 00:00:00,113,97,189781,81489
2022-03-13 00:00:00,97,60,189878,81549
2022-03-14 00:00:00,53,70,189931,81619
2022-03-15 00:00:00,153,128,190084,81747
2022-03-16 00:00:00,118,119,190202,81866
2022-03-17 00:00:00,135,140,190337,82006
2022-03-18 00:00:00,107,131,190444,82137
2022-03-19 00:00:00,108,97,190552,82234
2022-03-20 00:00:00,108,74,190660,82308
2022-03-21 00:00:00,71,84,190731,82392
2022-03-22 00:00:00,147,131,190878,82523
2022-03-23 00:00:00,136,137,191014,82660
2022-03-24 00:00:00,150,144,191164,82804
2022-03-25 00:00:00,137,120,191301,82924
2022-03-26 00:00:00,169,125,191470,83049
2022-03-27 00:00:00,105,77,191575,83126
2022-03-28 00:00:00,0,0,191575,83126
2022-03-29 00:00:00,85,94,191660,83220
2022-03-30 00:00:00,40,54,191700,83274
2022-03-31 00:00:00,23,129,191723,83403
2022-04-01 00:00:00,8,126,191731,83529
2022-04-02 00:00:00,11,123,191742,83652
2022-04-03 00:00:00,8,63,191750,83715
2022-04-04 00:00:00,3,82,191753,83797
2022-04-05 00:00:00,3,100,191756,83897
2022-04-06 00:00:00,2,120,191758,84017
2022-04-07 00:00:00,2,126,191760,84143
2022-04-08 00:00:00,2,118,191762,84261
2022-04-09 00:00:00,5,88,191767,84349
2022-04-10 00:00:00,0,62,191767,84411
2022-04-11 00:00:00,0,60,191767,84471
2022-04-12 00:00:00,0,94,191767,84565
2022-04-13 00:00:00,643,92,192410,84657
2022-04-14 00:00:00,100,105,192510,84762
2022-04-15 00:00:00,66,83,192576,84845
2022-04-16 00:00:00,75,77,192651,84922
2022-04-17 00:00:00,37,35,192688,84957
2022-04-18 00:00:00,27,23,192715,84980
2022-04-19 00:00:00,66,65,192781,85045
2022-04-20 00:00:00,93,89,192874,85134
2022-04-21 00:00:00,64,86,192938,85220
2022-04-22 00:00:00,80,94,193018,85314
2022-04-23 00:00:00,85,73,193103,85387
2022-04-24 00:00:00,38,47,193141,85434
2022-04-25 00:00:00,43,23,193184,85457
2022-04-26 00:00:00,20,51,193204,85508
2022-04-27 00:00:00,51,65,193255,85573
2022-04-28 00:00:00,0,0,193255,85573
2022-04-29 00:00:00,65,80,193320,85653
2022-04-30 00:00:00,41,58,193361,85711
2022-05-01 00:00:00,24,39,193385,85750
2022-05-02 00:00:00,28,36,193413,85786
2022-05-03 00:00:00,29,58,193442,85844
2022-05-04 00:00:00,34,65,193476,85909
2022-05-05 00:00:00,35,58,193511,85967
2022-05-06 00:00:00,43,55,193554,86022
2022-05-07 00:00:00,45,62,193599,86084
2022-05-08 00:00:00,43,45,193642,86129
2022-05-09 00:00:00,27,30,193669,86159
2022-05-10 00:00:00,38,42,193707,86201
2022-05-11 00:00:00,18,55,193725,86256
2022-05-12 00:00:00,49,54,193774,86310
2022-05-13 00:00:00,48,48,193822,86358
2022-05-14 00:00:00,24,41,193846,86399
2022-05-15 00:00:00,16,26,193862,86425
2022-05-16 00:00:00,17,26,193879,86451
2022-05-17 00:00:00,28,29,193907,86480
2022-05-18 00:00:00,45,31,193952,86511
2022-05-19 00:00:00,19,37,193971,86548
2022-05-20 00:00:00,17,32,193988,86580
2022-05-21 00:00:00,16,26,194004,86606
2022-05-22 00:00:00,9,18,194013,86624
2022-05-23 00:00:00,22,16,194035,86640
2022-05-24 00:00:00,16,29,194051,86669
2022-05-25 00:00:00,21,28,194072,86697
2022-05-26 00:00:00,19,17,194091,86714
2022-05-27 00:00:00,13,20,194104,86734
2022-05-28 00:00:00,22,21,194126,86755
2022-05-29 00:00:00,12,19,194138,86774
2022-05-30 00:00:00,9,18,194147,86792
2022-05-31 00:00:00,9,24,194156,86816
2022-06-01 00:00:00,12,21,194168,86837
2022-06-02 00:00:00,22,14,194190,86851
2022-06-03 00:00:00,12,6,194202,86857
2022-06-04 00:00:00,9,21,194211,86878
2022-06-05 00:00:00,6,14,194217,86892
2022-06-06 00:00:00,5,18,194222,86910
2022-06-07 00:00:00,12,18,194234,86928
2022-06-08 00:00:00,14,33,194248,86961
2022-06-09 00:00:00,11,22,194259,86983
2022-06-10 00:00:00,13,14,194272,86997
2022-06-11 00:00:00,38,31,194310,87028
2022-06-12 00:00:00,17,12,194327,87040
2022-06-13 00:00:00,4,19,194331,87059
2022-06-14 00:00:00,19,41,194350,87100
2022-06-15 00:00:00,42,58,194392,87158
2022-06-16 00:00:00,25,28,194417,87186
2022-06-17 00:00:00,17,34,194434,87220
2022-06-18 00:00:00,18,26,194452,87246
2022-06-19 00:00:00,13,15,194465,87261
2022-06-20 00:00:00,5,38,194470,87299
2022-06-21 00:00:00,26,37,194496,87336
2022-06-22 00:00:00,27,53,194523,87389
2022-06-23 00:00:00,22,53,194545,87442
2022-06-24 00:00:00,23,44,194568,87486
2022-06-25 00:00:00,29,39,194597,87525
2022-06-26 00:00:00,19,33,194616,87558
2022-06-27 00:00:00,18,38,194634,87596
2022-06-28 00:00:00,33,57,194667,87653
2022-06-29 00:00:00,18,40,194685,87693
2022-06-30 00:00:00,48,81,194733,87774
2022-07-01 00:00:00,34,56,194767,87830
2022-07-02 00:00:00,33,70,194800,87900
2022-07-03 00:00:00,31,39,194831,87939
2022-07-04 00:00:00,26,51,194857,87990
2022-07-05 00:00:00,41,83,194898,88073
2022-07-06 00:00:00,32,73,194930,88146
2022-07-07 00:00:00,48,76,194978,88222
2022-07-08 00:00:00,48,77,195026,88299
2022-07-09 00:00:00,19,64,195045,88363
2022-07-10 00:00:00,12,36,195057,88399
2022-07-11 00:00:00,21,49,195078,88448
2022-07-12 00:00:00,47,79,195125,88527
2022-07-13 00:00:00,27,63,195152,88590
2022-07-14 00:00:00,40,77,195192,88667
2022-07-15 00:00:00,30,70,195222,88737
2022-07-16 00:00:00,32,80,195254,88817
2022-07-17 00:00:00,13,37,195267,88854
2022-07-18 00:00:00,20,45,195287,88899
2022-07-19 00:00:00,32,54,195319,88953
2022-07-20 00:00:00,22,61,195341,89014
2022-07-21 00:00:00,19,48,195360,89062
2022-07-22 00:00:00,12,49,195372,89111
2022-07-23 00:00:00,22,65,195394,89176
2022-07-24 00:00:00,20,35,195414,89211
2022-07-25 00:00:00,11,39,195425,89250
2022-07-26 00:00:00,12,44,195437,89294
2022-07-27 00:00:00,12,50,195449,89344
2022-07-28 00:00:00,16,38,195465,89382
2022-07-29 00:00:00,9,38,195474,89420
2022-07-30 00:00:00,16,43,195490,89463
2022-07-31 00:00:00,7,17,195497,89480
2022-08-01 00:00:00,5,31,195502,89511
2022-08-02 00:00:00,9,55,195511,89566
2022-08-03 00:00:00,21,56,195532,89622
2022-08-04 00:00:00,27,35,195559,89657
2022-08-05 00:00:00,19,37,195578,89694
2022-08-06 00:00:00,11,25,195589,89719
2022-08-07 00:00:00,13,22,195602,89741
2022-08-08 00:00:00,9,17,195611,89758
2022-08-09 00:00:00,21,22,195632,89780
2022-08-10 00:00:00,6,21,195638,89801
2022-08-11 00:00:00,9,25,195647,89826
2022-08-12 00:00:00,7,28,195654,89854
2022-08-13 00:00:00,1,17,195655,89871
2022-08-14 00:00:00,2,9,195657,89880
2022-08-15 00:00:00,3,13,195660,89893
2022-08-16 00:00:00,2,17,195662,89910
2022-08-17 00:00:00,10,27,195672,89937
2022-08-18 00:00:00,13,20,195685,89957
2022-08-19 00:00:00,4,21,195689,89978
2022-08-20 00:00:00,4,23,195693,90001
2022-08-21 00:00:00,9,8,195702,90009
2022-08-22 00:00:00,2,11,195704,90020
2022-08-23 00:00:00,4,8,195708,90028
2022-08-24 00:00:00,4,13,195712,90041
2022-08-25 00:00:00,5,21,195717,90062
2022-08-26 00:00:00,2,12,195719,90074
2022-08-27 00:00:00,4,11,195723,90085
2022-08-28 00:00:00,5,8,195728,90093
2022-08-29 00:00:00,0,11,195728,90104
2022-08-30 00:00:00,3,12,195731,90116
2022-08-31 00:00:00,5,21,195736,90137
2022-09-01 00:00:00,3,16,195739,90153
2022-09-02 00:00:00,4,16,195743,90169
2022-09-03 00:00:00,4,12,195747,90181
2022-09-04 00:00:00,0,6,195747,90187
2022-09-05 00:00:00,4,18,195751,90205
2022-09-06 00:00:00,5,16,195756,90221
2022-09-07 00:00:00,17,22,195773,90243
2022-09-08 00:00:00,3,9,195776,90252
2022-09-09 00:00:00,0,8,195776,90260
2022-09-10 00:00:00,2,5,195778,90265
2022-09-11 00:00:00,4,6,195782,90271
2022-09-12 00:00:00,1,16,195783,90287
2022-09-13 00:00:00,5,18,195788,90305
2022-09-14 00:00:00,7,14,195795,90319
2022-09-15 00:00:00,2,14,195797,90333
2022-09-16 00:00:00,1,13,195798,90346
2022-09-17 00:00:00,8,11,195806,90357
2022-09-18 00:00:00,3,7,195809,90364
2022-09-19 00:00:00,1,11,195810,90375
2022-09-20 00:00:00,9,13,195819,90388
2022-09-21 00:00:00,11,20,195830,90408
2022-09-22 00:00:00,7,12,195837,90420
2022-09-23 00:00:00,11,15,195848,90435
2022-09-24 00:00:00,0,7,195848,90442
2022-09-25 00:00:00,4,9,195852,90451
2022-09-26 00:00:00,6,11,195858,90462
2022-09-27 00:00:00,9,18,195867,90480
2022-09-28 00:00:00,12,23,195879,90503
2022-09-29 00:00:00,22,37,195901,90540
2022-09-30 00:00:00,7,21,195908,90561
2022-10-01 00:00:00,20,31,195928,90592
2022-10-02 00:00:00,8,15,195936,90607
2022-10-03 00:00:00,4,14,195940,90621
2022-10-04 00:00:00,11,40,195951,90661
2022-10-05 00:00:00,6,23,195957,90684
2022-10-06 00:00:00,6,18,195963,90702
2022-10-07 00:00:00,6,15,195969,90717
2022-10-08 00:00:00,20,34,195989,90751
2022-10-09 00:00:00,5,24,195994,90775
2022-10-10 00:00:00,11,20,196005,90795
2022-10-11 00:00:00,5,22,196010,90817
2022-10-12 00:00:00,6,30,196016,90847
2022-10-13 00:00:00,5,29,196021,90876
2022-10-14 00:00:00,8,23,196029,90899
2022-10-15 00:00:00,9,25,196038,90924
2022-10-16 00:00:00,10,11,196048,90935
2022-10-17 00:00:00,2,26,196050,90961
2022-10-18 00:00:00,13,28,196063,90989
2022-10-19 00:00:00,33,37,196096,91026
2022-10-20 00:00:00,8,17,196104,91043
2022-10-21 00:00:00,10,23,196114,91066
2022-10-22 00:00:00,0,9,196114,91075
2022-10-23 00:00:00,0,14,196114,91089
2022-10-24 00:00:00,0,16,196114,91105
2022-10-25 00:00:00,0,20,196114,91125
2022-10-26 00:00:00,0,21,196114,91146
2022-10-27 00:00:00,0,18,196114,91164
2022-10-28 00:00:00,0,12,196114,91176
2022-10-29 00:00:00,0,12,196114,91188
2022-10-30 00:00:00,0,12,196114,91200
2022-10-31 00:00:00,0,9,196114,91209
2022-11-01 00:00:00,0,22,196114,91231
2022-11-02 00:00:00,0,10,196114,91241
2022-11-03 00:00:00,0,26,196114,91267
2022-11-04 00:00:00,0,10,196114,91277
2022-11-05 00:00:00,0,25,196114,91302
2022-11-06 00:00:00,0,15,196114,91317
2022-11-07 00:00:00,0,15,196114,91332
2022-11-08 00:00:00,0,12,196114,91344
2022-11-09 00:00:00,0,8,196114,91352
