data,ios,android,ios_android,ios_total,android_total,ios_android_total
2020-06-01 00:00:00,137295,157278,294573,137295,157278,294573
2020-06-02 00:00:00,234694,530234,764928,371989,687512,1059501
2020-06-03 00:00:00,187097,713710,900807,559086,1401222,1960308
2020-06-04 00:00:00,76492,782823,859315,635578,2184045,2819623
2020-06-05 00:00:00,50510,810047,860557,686088,2994092,3680180
2020-06-06 00:00:00,19575,824281,843856,705663,3818373,4524036
2020-06-07 00:00:00,35598,878755,914353,741261,4697128,5438389
2020-06-08 00:00:00,54845,1009734,1064579,796106,5706862,6502968
2020-06-09 00:00:00,19422,1022710,1042132,815528,6729572,7545100
2020-06-10 00:00:00,9878,1090342,1100220,825406,7819914,8645320
2020-06-11 00:00:00,10758,1138135,1148893,836164,8958049,9794213
2020-06-12 00:00:00,15872,1188164,1204036,852036,10146213,10998249
2020-06-13 00:00:00,30599,1252447,1283046,882635,11398660,12281295
2020-06-14 00:00:00,25407,1342989,1368396,908042,12741649,13649691
2020-06-15 00:00:00,78873,1549482,1628355,986915,14291131,15278046
2020-06-16 00:00:00,38139,1645944,1684083,1025054,15937075,16962129
2020-06-17 00:00:00,24635,1817460,1842095,1049689,17754535,18804224
2020-06-18 00:00:00,19486,1871685,1891171,1069175,19626220,20695395
2020-06-19 00:00:00,15299,1810409,1825708,1084474,21436629,22521103
2020-06-20 00:00:00,15813,1879057,1894870,1100287,23315686,24415973
2020-06-21 00:00:00,16633,1941756,1958389,1116920,25257442,26374362
2020-06-22 00:00:00,10452,1965697,1976149,1127372,27223139,28350511
2020-06-23 00:00:00,10011,1983897,1993908,1137383,29207036,30344419
2020-06-24 00:00:00,7390,1998331,2005721,1144773,31205367,32350140
2020-06-25 00:00:00,8341,2011738,2020079,1153114,33217105,34370219
2020-06-26 00:00:00,9082,2027759,2036841,1162196,35244864,36407060
2020-06-27 00:00:00,8118,2046813,2054931,1170314,37291677,38461991
2020-06-28 00:00:00,10172,2068885,2079057,1180486,39360562,40541048
2020-06-29 00:00:00,5708,2075677,2081385,1186194,41436239,42622433
2020-06-30 00:00:00,4408,2080350,2084758,1190602,43516589,44707191
2020-07-01 00:00:00,4389,2120654,2125043,1194991,45637243,46832234
2020-07-02 00:00:00,4152,2127488,2131640,1199143,47764731,48963874
2020-07-03 00:00:00,5908,2135146,2141054,1205051,49899877,51104928
2020-07-04 00:00:00,4870,2140341,2145211,1209921,52040218,53250139
2020-07-05 00:00:00,4613,2144991,2149604,1214534,54185209,55399743
2020-07-06 00:00:00,5515,2151261,2156776,1220049,56336470,57556519
2020-07-07 00:00:00,4001,2153402,2157403,1224050,58489872,59713922
2020-07-08 00:00:00,3377,2152572,2155949,1227427,60642444,61869871
2020-07-09 00:00:00,3361,2153468,2156829,1230788,62795912,64026700
2020-07-10 00:00:00,3590,2154852,2158442,1234378,64950764,66185142
2020-07-11 00:00:00,2924,2155697,2158621,1237302,67106461,68343763
2020-07-12 00:00:00,2625,2155060,2157685,1239927,69261521,70501448
2020-07-13 00:00:00,2251,2153899,2156150,1242178,71415420,72657598
2020-07-14 00:00:00,2307,2157655,2159962,1244485,73573075,74817560
2020-07-15 00:00:00,2334,2171338,2173672,1246819,75744413,76991232
2020-07-16 00:00:00,2618,2188801,2191419,1249437,77933214,79182651
2020-07-17 00:00:00,2932,2211071,2214003,1252369,80144285,81396654
2020-07-18 00:00:00,2697,2226176,2228873,1255066,82370461,83625527
2020-07-19 00:00:00,2798,2241260,2244058,1257864,84611721,85869585
2020-07-20 00:00:00,2420,2254298,2256718,1260284,86866019,88126303
2020-07-21 00:00:00,2457,2267424,2269881,1262741,89133443,90396184
2020-07-22 00:00:00,2532,2280539,2283071,1265273,91413982,92679255
2020-07-23 00:00:00,4666,2299974,2304640,1269939,93713956,94983895
2020-07-24 00:00:00,4613,2314945,2319558,1274552,96028901,97303453
2020-07-25 00:00:00,2910,2316299,2319209,1277462,98345200,99622662
2020-07-26 00:00:00,3007,2315142,2318149,1280469,100660342,101940811
2020-07-27 00:00:00,2537,2313394,2315931,1283006,102973736,104256742
2020-07-28 00:00:00,2357,2313575,2315932,1285363,105287311,106572674
2020-07-29 00:00:00,3387,2320805,2324192,1288750,107608116,108896866
2020-07-30 00:00:00,2779,2327507,2330286,1291529,109935623,111227152
2020-07-31 00:00:00,4883,2339908,2344791,1296412,112275531,113571943
2020-08-01 00:00:00,4220,2348838,2353058,1300632,114624369,115925001
2020-08-02 00:00:00,3298,2355300,2358598,1303930,116979669,118283599
2020-08-03 00:00:00,3083,2360298,2363381,1307013,119339967,120646980
2020-08-04 00:00:00,3368,2361443,2364811,1310381,121701410,123011791
2020-08-05 00:00:00,4042,2365111,2369153,1314423,124066521,125380944
2020-08-06 00:00:00,4641,2371052,2375693,1319064,126437573,127756637
2020-08-07 00:00:00,4027,2375897,2379924,1323091,128813470,130136561
2020-08-08 00:00:00,3067,2378090,2381157,1326158,131191560,132517718
2020-08-09 00:00:00,3271,2380603,2383874,1329429,133572163,134901592
2020-08-10 00:00:00,3857,2383359,2387216,1333286,135955522,137288808
2020-08-11 00:00:00,4231,2389010,2393241,1337517,138344532,139682049
2020-08-12 00:00:00,4588,2395547,2400135,1342105,140740079,142082184
2020-08-13 00:00:00,4693,2401659,2406352,1346798,143141738,144488536
2020-08-14 00:00:00,5116,2408141,2413257,1351914,145549879,146901793
2020-08-15 00:00:00,4071,2413461,2417532,1355985,147963340,149319325
2020-08-16 00:00:00,4770,2420644,2425414,1360755,150383984,151744739
2020-08-17 00:00:00,12046,2440401,2452447,1372801,152824385,154197186
2020-08-18 00:00:00,7865,2453003,2460868,1380666,155277388,156658054
2020-08-19 00:00:00,7691,2465476,2473167,1388357,157742864,159131221
2020-08-20 00:00:00,9423,2482638,2492061,1397780,160225502,161623282
2020-08-21 00:00:00,9053,2500105,2509158,1406833,162725607,164132440
2020-08-22 00:00:00,8933,2517599,2526532,1415766,165243206,166658972
2020-08-23 00:00:00,10443,2538335,2548778,1426209,167781541,169207750
2020-08-24 00:00:00,11862,2557665,2569527,1438071,170339206,171777277
2020-08-25 00:00:00,13600,2586657,2600257,1451671,172925863,174377534
2020-08-26 00:00:00,15476,2615302,2630778,1467147,175541165,177008312
2020-08-27 00:00:00,13887,2635665,2649552,1481034,178176830,179657864
2020-08-28 00:00:00,10417,2656367,2666784,1491451,180833197,182324648
2020-08-29 00:00:00,7639,2669611,2677250,1499090,183502808,185001898
2020-08-30 00:00:00,7025,2680932,2687957,1506115,186183740,187689855
2020-08-31 00:00:00,12300,2705123,2717423,1518415,188888863,190407278
2020-09-01 00:00:00,8219,2720422,2728641,1526634,191609285,193135919
2020-09-02 00:00:00,7661,2732537,2740198,1534295,194341822,195876117
2020-09-03 00:00:00,7261,2743872,2751133,1541556,197085694,198627250
2020-09-04 00:00:00,8033,2758480,2766513,1549589,199844174,201393763
2020-09-05 00:00:00,7144,2771057,2778201,1556733,202615231,204171964
2020-09-06 00:00:00,7254,2780255,2787509,1563987,205395486,206959473
2020-09-07 00:00:00,6788,2789260,2796048,1570775,208184746,209755521
2020-09-08 00:00:00,8665,2797706,2806371,1579440,210982452,212561892
2020-09-09 00:00:00,8581,2808600,2817181,1588021,213791052,215379073
2020-09-10 00:00:00,7869,2833150,2841019,1595890,216624202,218220092
2020-09-11 00:00:00,7923,2907369,2915292,1603813,219531571,221135384
2020-09-12 00:00:00,7878,2966108,2973986,1611691,222497679,224109370
2020-09-13 00:00:00,10830,3020140,3030970,1622521,225517819,227140340
2020-09-14 00:00:00,12032,3071113,3083145,1634553,228588932,230223485
2020-09-15 00:00:00,9315,3106765,3116080,1643868,231695697,233339565
2020-09-16 00:00:00,9764,3141136,3150900,1653632,234836833,236490465
2020-09-17 00:00:00,9391,3167825,3177216,1663023,238004658,239667681
2020-09-18 00:00:00,7570,3190455,3198025,1670593,241195113,242865706
2020-09-19 00:00:00,7379,3211681,3219060,1677972,244406794,246084766
2020-09-20 00:00:00,6703,3229866,3236569,1684675,247636660,249321335
2020-09-21 00:00:00,6213,3246365,3252578,1690888,250883025,252573913
2020-09-22 00:00:00,5282,3263244,3268526,1696170,254146269,255842439
2020-09-23 00:00:00,5530,3279692,3285222,1701700,257425961,259127661
2020-09-24 00:00:00,6447,3296589,3303036,1708147,260722550,262430697
2020-09-25 00:00:00,5734,3311403,3317137,1713881,264033953,265747834
2020-09-26 00:00:00,4364,3323408,3327772,1718245,267357361,269075606
2020-09-27 00:00:00,5253,3337001,3342254,1723498,270694362,272417860
2020-09-28 00:00:00,13066,3365400,3378466,1736564,274059762,275796326
2020-09-29 00:00:00,6526,3382462,3388988,1743090,277442224,279185314
2020-09-30 00:00:00,5691,3398392,3404083,1748781,280840616,282589397
2020-10-01 00:00:00,9060,3421009,3430069,1757841,284261625,286019466
2020-10-02 00:00:00,19161,3476722,3495883,1777002,287738347,289515349
2020-10-03 00:00:00,38080,3591381,3629461,1815082,291329728,293144810
2020-10-04 00:00:00,31829,3683045,3714874,1846911,295012773,296859684
2020-10-05 00:00:00,63012,3853188,3916200,1909923,298865961,300775884
2020-10-06 00:00:00,61914,3971579,4033493,1971837,302837540,304809377
2020-10-07 00:00:00,62103,4114829,4176932,2033940,306952369,308986309
2020-10-08 00:00:00,65677,4272651,4338328,2099617,311225020,313324637
2020-10-09 00:00:00,50476,4403311,4453787,2150093,315628331,317778424
2020-10-10 00:00:00,41867,4522152,4564019,2191960,320150483,322342443
2020-10-11 00:00:00,50409,4643365,4693774,2242369,324793848,327036217
2020-10-12 00:00:00,27737,4704383,4732120,2270106,329498231,331768337
2020-10-13 00:00:00,22253,4749533,4771786,2292359,334247764,336540123
2020-10-14 00:00:00,19188,4789648,4808836,2311547,339037412,341348959
2020-10-15 00:00:00,22016,4824308,4846324,2333563,343861720,346195283
2020-10-16 00:00:00,19898,4864581,4884479,2353461,348726301,351079762
2020-10-17 00:00:00,15353,4893729,4909082,2368814,353620030,355988844
2020-10-18 00:00:00,13604,4919331,4932935,2382418,358539361,360921779
2020-10-19 00:00:00,19955,4950808,4970763,2402373,363490169,365892542
2020-10-20 00:00:00,15823,4978129,4993952,2418196,368468298,370886494
2020-10-21 00:00:00,20633,5013264,5033897,2438829,373481562,375920391
2020-10-22 00:00:00,15091,5038861,5053952,2453920,378520423,380974343
2020-10-23 00:00:00,11946,5043663,5055609,2465866,383564086,386029952
2020-10-24 00:00:00,11538,5074947,5086485,2477404,388639033,391116437
2020-10-25 00:00:00,14545,5095090,5109635,2491949,393734123,396226072
2020-10-26 00:00:00,12601,5093863,5106464,2504550,398827986,401332536
2020-10-27 00:00:00,8697,5121403,5130100,2513247,403949389,406462636
2020-10-28 00:00:00,10373,5149469,5159842,2523620,409098858,411622478
2020-10-29 00:00:00,9005,5168762,5177767,2532625,414267620,416800245
2020-10-30 00:00:00,7827,5182242,5190069,2540452,419449862,421990314
2020-10-31 00:00:00,6277,5191378,5197655,2546729,424641240,427187969
2020-11-01 00:00:00,7187,5197894,5205081,2553916,429839134,432393050
2020-11-02 00:00:00,7835,5205318,5213153,2561751,435044452,437606203
2020-11-03 00:00:00,5820,5209901,5215721,2567571,440254353,442821924
2020-11-04 00:00:00,4923,5213905,5218828,2572494,445468258,448040752
2020-11-05 00:00:00,3819,5214281,5218100,2576313,450682539,453258852
2020-11-06 00:00:00,3414,5213708,5217122,2579727,455896247,458475974
2020-11-07 00:00:00,3097,5213495,5216592,2582824,461109742,463692566
2020-11-08 00:00:00,3110,5208026,5211136,2585934,466317768,468903702
2020-11-09 00:00:00,3331,5191625,5194956,2589265,471509393,474098658
2020-11-10 00:00:00,2580,5179422,5182002,2591845,476688815,479280660
2020-11-11 00:00:00,2219,5170618,5172837,2594064,481859433,484453497
2020-11-12 00:00:00,2037,5148562,5150599,2596101,487007995,489604096
2020-11-13 00:00:00,2048,5151958,5154006,2598149,492159953,494758102
2020-11-14 00:00:00,2416,5141092,5143508,2600565,497301045,499901610
2020-11-15 00:00:00,2267,5129023,5131290,2602832,502430068,505032900
2020-11-16 00:00:00,1876,5118815,5120691,2604708,507548883,510153591
2020-11-17 00:00:00,1575,5109881,5111456,2606283,512658764,515265047
2020-11-18 00:00:00,1474,5101643,5103117,2607757,517760407,520368164
2020-11-19 00:00:00,1248,5094342,5095590,2609005,522854749,525463754
2020-11-20 00:00:00,1389,5089068,5090457,2610394,527943817,530554211
2020-11-21 00:00:00,1383,5080763,5082146,2611777,533024580,535636357
2020-11-22 00:00:00,1188,5070660,5071848,2612965,538095240,540708205
2020-11-23 00:00:00,1202,5060004,5061206,2614167,543155244,545769411
2020-11-24 00:00:00,506,5049082,5049588,2614673,548204326,550818999
2020-11-25 00:00:00,1022,5038745,5039767,2615695,553243071,555858766
2020-11-26 00:00:00,938,5028983,5029921,2616633,558272054,560888687
2020-11-27 00:00:00,443,5018256,5018699,2617076,563290310,565907386
2020-11-28 00:00:00,948,5008809,5009757,2618024,568299119,570917143
2020-11-29 00:00:00,889,4995607,4996496,2618913,573294726,575913639
2020-11-30 00:00:00,361,4984981,4985342,2619274,578279707,580898981
2020-12-01 00:00:00,955,4973938,4974893,2620229,583253645,585873874
2020-12-02 00:00:00,1102,4960888,4961990,2621331,588214533,590835864
2020-12-03 00:00:00,436,4942549,4942985,2621767,593157082,595778849
2020-12-04 00:00:00,1028,4922384,4923412,2622795,598079466,600702261
2020-12-05 00:00:00,980,4903996,4904976,2623775,602983462,605607237
2020-12-06 00:00:00,929,4883584,4884513,2624704,607867046,610491750
2020-12-07 00:00:00,1066,4865904,4866970,2625770,612732950,615358720
2020-12-08 00:00:00,1520,4848139,4849659,2627290,617581089,620208379
2020-12-09 00:00:00,1346,4828693,4830039,2628636,622409782,625038418
2020-12-10 00:00:00,1166,4814276,4815442,2629802,627224058,629853860
2020-12-11 00:00:00,1018,4798672,4799690,2630820,632022730,634653550
2020-12-12 00:00:00,1018,4788255,4789273,2631838,636810985,639442823
2020-12-13 00:00:00,961,4775783,4776744,2632799,641586768,644219567
2020-12-14 00:00:00,843,4763574,4764417,2633642,646350342,648983984
2020-12-15 00:00:00,780,4753048,4753828,2634422,651103390,653737812
2020-12-16 00:00:00,805,4743261,4744066,2635227,655846651,658481878
2020-12-17 00:00:00,811,4732626,4733437,2636038,660579277,663215315
2020-12-18 00:00:00,781,4725342,4726123,2636819,665304619,667941438
2020-12-19 00:00:00,848,4716911,4717759,2637667,670021530,672659197
2020-12-20 00:00:00,792,4707422,4708214,2638459,674728952,677367411
2020-12-21 00:00:00,676,4772715,4773391,2639135,679501667,682140802
2020-12-22 00:00:00,641,4778589,4779230,2639776,684280256,686920032
2020-12-23 00:00:00,676,4774433,4775109,2640452,689054689,691695141
2020-12-24 00:00:00,802,4771226,4772028,2641254,693825915,696467169
2020-12-25 00:00:00,1454,4766284,4767738,2642708,698592199,701234907
2020-12-26 00:00:00,1088,4754884,4755972,2643796,703347083,705990879
2020-12-27 00:00:00,775,4739937,4740712,2644571,708087020,710731591
2020-12-28 00:00:00,720,4728845,4729565,2645291,712815865,715461156
2020-12-29 00:00:00,1033,4717554,4718587,2646324,717533419,720179743
2020-12-30 00:00:00,709,4708187,4708896,2647033,722241606,724888639
2020-12-31 00:00:00,457,4697689,4698146,2647490,726939295,729586785
2021-01-01 00:00:00,515,4681060,4681575,2648005,731620355,734268360
2021-01-02 00:00:00,576,4663651,4664227,2648581,736284006,738932587
2021-01-03 00:00:00,563,4643865,4644428,2649144,740927871,743577015
2021-01-04 00:00:00,646,4621822,4622468,2649790,745549693,748199483
2021-01-05 00:00:00,690,4603463,4604153,2650480,750153156,752803636
2021-01-06 00:00:00,582,4592527,4593109,2651062,754745683,757396745
2021-01-07 00:00:00,539,4564834,4565373,2651601,759310517,761962118
2021-01-08 00:00:00,575,4551113,4551688,2652176,763861630,766513806
2021-01-09 00:00:00,567,4536286,4536853,2652743,768397916,771050659
2021-01-10 00:00:00,510,4520058,4520568,2653253,772917974,775571227
2021-01-11 00:00:00,493,4507021,4507514,2653746,777424995,780078741
2021-01-12 00:00:00,538,4496297,4496835,2654284,781921292,784575576
2021-01-13 00:00:00,509,4481670,4482179,2654793,786402962,789057755
2021-01-14 00:00:00,487,4469636,4470123,2655280,790872598,793527878
2021-01-15 00:00:00,546,4457309,4457855,2655826,795329907,797985733
2021-01-16 00:00:00,537,4445312,4445849,2656363,799775219,802431582
2021-01-17 00:00:00,490,4430313,4430803,2656853,804205532,806862385
2021-01-18 00:00:00,464,4418949,4419413,2657317,808624481,811281798
2021-01-19 00:00:00,479,4408731,4409210,2657796,813033212,815691008
2021-01-20 00:00:00,463,4394668,4395131,2658259,817427880,820086139
2021-01-21 00:00:00,490,4391328,4391818,2658749,821819208,824477957
2021-01-22 00:00:00,440,4380841,4381281,2659189,826200049,828859238
2021-01-23 00:00:00,435,4367805,4368240,2659624,830567854,833227478
2021-01-24 00:00:00,471,0,471,2660095,830567854,833227949
